213.154
213.1873
213.2118
213.2367
213.2145
213.2164
213.2281
213.2569
213.2622
213.244
213.1952
213.1969
213.1409
213.1135
213.105
213.1053
213.0926
213.1075
213.0863
213.0612
213.0419
213.0198
213.0018
212.9854
212.9563
212.9297
212.914
212.936
212.9544
212.9719
212.9698
212.9781
212.9749
212.979
212.9904
213.037
212.9465
212.9537
212.9857
212.97
212.959
212.994
212.9813
212.9869
212.9878
213.0023
212.953
212.9625
213.007
213.0188
213.0169
213.0052
213.0012
212.9883
213.01
213.0377
213.0305
213.0449
213.0536
213.059
213.0126
212.9422
212.9592
212.967
213.008
213.0502
213.0746
213.0866
213.0683
213.0985
213.1147
213.1411
213.1335
213.1535
213.117
213.1223
213.1046
213.1286
213.124
213.1319
213.1568
213.1209
213.1395
213.1222
213.1357
213.1182
213.1298
213.1829
213.1963
213.1573
213.1622
213.1968
213.2177
213.2105
213.1874
213.1993
213.198
213.1655
213.154
213.1873
213.2118
213.0238
213.0485
213.1522
213.1509
